# SN1991T    bands=UBVRI 
# mu=30.74+/-0.00  ABg=0.02+/-0.00 ABi=0.55+/-0.00 
-14.95  42.700  0.003 
-14.15  42.782  0.002 
-14.03  42.789  0.003 
-14.00  42.771  0.003 
-13.34  42.874  0.014 
-13.16  42.891  0.008 
-13.04  42.895  0.008 
-12.14  42.946  0.003 
-11.13  43.028  0.006 
-11.13  43.033  0.006 
-10.15  43.126  0.013 
-10.03  43.149  0.014 
-10.03  43.150  0.014 
 -9.78  43.112  0.014 
 -9.10  43.137  0.009 
 -3.16  43.167  0.003 
 -3.16  43.165  0.003 
 -2.79  43.213  0.014 
 -2.15  43.168  0.003 
 -2.15  43.165  0.003 
 -1.11  43.172  0.003 
 -1.11  43.174  0.003 
 -0.83  43.184  0.014 
 -0.18  43.173  0.003 
 -0.18  43.176  0.003 
  2.89  43.122  0.005 
  2.90  43.124  0.005 
  3.80  43.111  0.005 
  4.87  43.084  0.006 
  4.88  43.084  0.006 
  4.97  43.072  0.013 
  5.78  43.086  0.003 
  5.78  43.083  0.003 
  7.83  43.021  0.003 
  8.75  42.977  0.002 
 10.77  42.918  0.002 
 12.70  42.856  0.002 
 12.70  42.856  0.002 
 15.82  42.771  0.002 
 17.75  42.723  0.002 
 17.76  42.718  0.002 
 18.76  42.669  0.002 
 18.76  42.652  0.002 
 18.76  42.673  0.002 
 27.79  42.541  0.002 
 27.79  42.541  0.002 
 36.82  42.388  0.002 
 42.67  42.267  0.002 
 49.87  42.162  0.002 
 49.87  42.153  0.002 
 49.87  42.160  0.002 
 53.69  42.127  0.002 
 53.69  42.128  0.002 
 60.70  42.045  0.002 
 61.67  42.028  0.002 
 61.67  42.024  0.002 
 62.03  42.020  0.011 
 62.66  42.010  0.002 
 62.66  42.010  0.002 
 63.07  42.019  0.011 
 64.68  42.014  0.002 
 67.66  41.981  0.002 
 67.67  41.981  0.002 
 81.69  41.848  0.002 
102.69  41.623  0.004 
215.66  40.919  0.010 
215.66  40.919  0.010 
216.66  40.888  0.011 
220.00  40.856  0.008 
225.66  40.881  0.011 
251.03  40.706  0.007 
252.03  40.703  0.007 
276.10  40.589  0.010 
279.80  40.576  0.010 
280.02  40.568  0.009 
280.86  40.568  0.010 
299.98  40.477  0.010 
303.98  40.440  0.012 
308.66  40.396  0.016 
310.05  40.384  0.015 
310.66  40.385  0.016 
311.00  40.382  0.014 
313.98  40.345  0.008 
314.87  40.342  0.013 
342.97  40.185  0.009 
353.82  40.135  0.014 
353.83  40.141  0.013 
365.00  40.106  0.009 
368.89  40.093  0.011 
398.73  39.860  0.015 
398.74  39.843  0.016 
399.00  39.938  0.010 

