# SN1994D    bands=UBVRI
# mu=30.92+/-0.00  ABg=0.00+/-0.00 ABi=0.00+/-0.00 
-12.80  42.239  0.014
-11.92  42.338  0.014
-11.84  42.408  0.011
-11.83  42.388  0.014
-11.82  42.404  0.001
-11.78  42.391  0.014
-11.67  42.398  0.014
-11.30  42.491  0.013
-10.86  42.539  0.003
-10.83  42.586  0.004
-10.74  42.545  0.014
-10.61  42.615  0.014
-10.60  42.609  0.014
-10.34  42.612  0.014
-10.23  42.626  0.014
 -9.95  42.628  0.014
 -9.79  42.654  0.014
 -9.61  42.715  0.014
 -9.61  42.714  0.014
 -8.95  42.734  0.014
 -8.88  42.753  0.011
 -8.81  42.743  0.014
 -8.59  42.754  0.014
 -8.33  42.791  0.014
 -7.89  42.791  0.002
 -7.89  42.788  0.002
 -7.78  42.811  0.014
 -7.63  42.849  0.014
 -7.60  42.812  0.014
 -7.60  42.811  0.014
 -6.91  42.851  0.003
 -6.85  42.846  0.001
 -6.78  42.865  0.014
 -5.91  42.889  0.002
 -5.88  42.885  0.001
 -5.76  42.899  0.014
 -5.60  42.910  0.014
 -4.78  42.934  0.014
 -4.73  42.918  0.014
 -3.92  42.927  0.013
 -3.78  42.943  0.014
 -3.00  42.941  0.008
 -2.80  42.942  0.014
 -2.00  42.940  0.008
 -1.92  42.943  0.008
 -1.52  42.922  0.014
 -1.03  42.938  0.008
 -0.80  42.936  0.014
 -0.75  42.931  0.014
 -0.60  42.945  0.014
  0.07  42.936  0.013
  0.20  42.930  0.014
  0.25  42.914  0.014
  1.20  42.915  0.014
  1.28  42.893  0.014
  2.06  42.896  0.012
  2.20  42.883  0.014
  2.20  42.886  0.014
  3.06  42.876  0.012
  3.20  42.861  0.014
  3.20  42.861  0.014
  3.47  42.829  0.014
  4.20  42.830  0.014
  5.20  42.796  0.014
  5.20  42.794  0.014
  5.32  42.780  0.014
  5.42  42.776  0.014
  6.05  42.757  0.012
  6.20  42.739  0.014
  6.20  42.738  0.014
  6.25  42.739  0.014
  7.05  42.703  0.012
  7.20  42.699  0.014
  8.34  42.655  0.014
  9.20  42.629  0.014
  9.33  42.618  0.014
 10.20  42.577  0.014
 10.20  42.581  0.014
 10.33  42.584  0.014
 11.20  42.539  0.014
 12.20  42.506  0.014
 12.31  42.493  0.014
 13.45  42.469  0.013
 14.03  42.462  0.011
 15.20  42.438  0.013
 15.27  42.416  0.013
 16.03  42.397  0.008
 16.46  42.389  0.013
 19.02  42.309  0.011
 19.29  42.301  0.014
 20.26  42.278  0.014
 20.31  42.288  0.014
 21.20  42.260  0.014
 21.31  42.264  0.014
 22.31  42.255  0.014
 23.20  42.192  0.014
 23.31  42.207  0.014
 25.20  42.146  0.014
 26.23  42.110  0.014
 26.31  42.121  0.013
 27.25  42.087  0.014
 27.31  42.091  0.014
 28.24  42.068  0.013
 28.28  42.083  0.014
 29.28  42.052  0.013
 30.26  42.026  0.013
 30.29  42.031  0.013
 34.90  41.952  0.009
 35.27  41.958  0.013
 35.35  41.939  0.013
 36.27  41.948  0.013
 36.38  41.936  0.013
 37.22  41.913  0.013
 37.37  41.920  0.013
 38.31  41.896  0.013
 40.22  41.861  0.013
 40.26  41.867  0.013
 41.25  41.853  0.013
 44.20  41.815  0.014
 44.24  41.797  0.014
 44.33  41.789  0.014
 46.18  41.755  0.014
 46.24  41.789  0.014
 47.00  41.750  0.012
 48.23  41.763  0.014
 52.20  41.687  0.014
 52.20  41.688  0.014
 52.88  41.723  0.008
 60.96  41.608  0.010
 61.27  41.573  0.014
 63.20  41.598  0.014
 65.20  41.561  0.014
 68.23  41.491  0.014
 70.27  41.463  0.014
 73.22  41.440  0.014
 76.00  41.456  0.014
 76.20  41.481  0.014
 77.96  41.449  0.014
 78.96  41.423  0.014
 82.00  41.390  0.014
 94.97  41.271  0.014
112.00  41.118  0.015
291.00  40.054  0.016
311.35  39.869  0.016
319.29  39.859  0.017
334.37  39.699  0.017
