# SN1994I    bands=UBVRI 
# mu=29.60+/-0.30  ABg=0.01+/-0.00 ABi=1.22+/-0.30 
-11.11  40.113  0.155 
 -9.07  41.008  0.158 
 -8.54  41.344  0.160 
 -7.05  41.891  0.160 
 -6.98  41.884  0.160 
 -6.20  42.028  0.161 
 -6.13  42.018  0.161 
 -5.08  42.109  0.159 
 -4.11  42.150  0.158 
 -4.10  42.154  0.159 
 -4.03  42.168  0.158 
 -2.14  42.245  0.157 
 -2.10  42.226  0.157 
  0.95  42.230  0.154 
  1.94  42.170  0.153 
  1.95  42.182  0.153 
  2.82  42.143  0.152 
  2.85  42.137  0.152 
  2.87  42.153  0.153 
  3.00  42.138  0.153 
  3.88  42.072  0.151 
  3.88  42.052  0.151 
  4.00  42.085  0.152 
  4.83  42.041  0.150 
  4.84  42.044  0.151 
  5.80  41.979  0.151 
  6.60  41.938  0.151 
 10.80  41.719  0.150 
 11.85  41.706  0.149 
 17.82  41.481  0.151 
 19.79  41.409  0.151 
 22.79  41.357  0.151 
 23.79  41.341  0.151 
 24.78  41.326  0.151 
 24.80  41.322  0.151 
 26.80  41.289  0.151 
 26.81  41.275  0.151 
 26.90  41.291  0.151 
 27.80  41.266  0.151 
 28.70  41.257  0.151 
 28.78  41.249  0.151 
 28.83  41.233  0.151 
 29.81  41.228  0.150 
 30.80  41.228  0.151 
 31.80  41.190  0.151 
 32.80  41.189  0.151 
 33.76  41.175  0.151 
 33.77  41.185  0.151 
 34.70  41.153  0.151 
 34.75  41.157  0.150 
 34.96  41.149  0.150 
 36.90  41.115  0.151 
 41.75  41.059  0.151 
 41.82  41.079  0.150 
 42.77  41.064  0.151 
 42.87  41.084  0.150 
 43.78  41.048  0.153 
 50.79  40.970  0.151 
 50.80  40.970  0.151 
 52.71  40.984  0.152 
 53.94  40.972  0.152 
 59.71  40.881  0.152 
 62.71  40.834  0.150 
 95.80  40.609  0.150 
 95.80  40.609  0.150 
119.70  40.480  0.152 
119.71  40.480  0.152 
