4.8958205584712  41.9233734939759  0
4.993424029568646  41.939896729776244  0
5.82246148511214  42.09480206540447  0
6.948538273839541  42.19600688468158  0
7.781889227672425  42.245576592082614  0
7.9531181940821165  42.264165232358  0
9.79189485213589  42.36123924268502  0
9.841965263652082  42.33851979345955  0
12.887633369561154  42.363304647160064  0
13.921181391060983  42.32406196213425  0
13.921858018243633  42.3075387263339  0
14.806844083952583  42.29617900172117  0
15.053009510840905  42.28481927710843  0
15.79357796225272  42.20013769363167  0
15.988531169254127  42.239380378657486  0
16.629043376031387  42.19807228915663  0
17.761082941805892  42.1536660929432  0
17.761463544596133  42.144371772805506  0
18.549565055589206  42.09893287435456  0
20.78945476535842  42.000826161790016  0
21.798728786680634  41.954354561101546  0
22.759158783255206  41.90065404475043  0
23.81592357495975  41.8944578313253  0
29.79544714484475  41.67449225473322  0
29.868226856178687  41.69721170395869  0
30.803833092989727  41.6497074010327  0
31.787437570570113  41.630086058519794  0
34.81166505262892  41.57845094664372  0
35.81937437359125  41.570189328743545  0
35.8206007603598  41.540240963855425  0
36.82746429734382  41.55263339070568  0
38.79492698769807  41.50719449225473  0
38.867960434225495  41.523717728055075  0
39.85181864699938  41.49790017211704  0
