# SN1998bw    bands=UBVRIJHK 
# mu=32.76+/-0.10  ABg=0.25+/-0.00 ABi=0.00+/-0.00 
-16.98  42.246  0.040 
-16.96  42.236  0.040 
-16.91  42.179  0.040 
-16.81  42.223  0.040 
-15.20  42.288  0.040 
-14.93  42.319  0.040 
-14.90  42.320  0.040 
-12.29  42.585  0.040 
-10.28  42.757  0.040 
 -9.21  42.835  0.040 
 -7.29  42.912  0.041 
 -6.84  42.917  0.041 
 -5.31  42.954  0.040 
 -4.85  42.961  0.040 
 -4.31  42.968  0.040 
 -3.83  42.972  0.040 
 -2.36  42.989  0.040 
 -0.22  42.981  0.041 
  1.78  42.953  0.040 
  3.60  42.922  0.041 
  3.77  42.918  0.040 
  4.73  42.898  0.040 
  5.69  42.871  0.040 
  6.62  42.853  0.040 
  6.98  42.848  0.040 
  7.73  42.822  0.040 
  7.76  42.823  0.041 
  8.08  42.833  0.042 
  8.74  42.798  0.040 
  8.76  42.798  0.040 
  9.68  42.784  0.040 
 12.05  42.734  0.040 
 13.01  42.710  0.040 
 14.54  42.674  0.041 
 14.89  42.659  0.041 
 14.96  42.656  0.041 
 17.00  42.621  0.040 
 18.68  42.583  0.040 
 19.75  42.559  0.040 
 20.70  42.540  0.040 
 21.69  42.525  0.040 
 21.94  42.535  0.040 
 23.10  42.509  0.040 
 23.75  42.488  0.040 
 24.77  42.470  0.040 
 27.94  42.436  0.040 
 33.92  42.361  0.040 
 36.46  42.329  0.040 
 37.51  42.310  0.041 
 38.57  42.300  0.040 
 38.92  42.303  0.040 
122.89  41.646  0.040 
196.89  41.206  0.041 
308.29  40.530  0.044 
321.89  40.453  0.046 
327.29  40.394  0.044 
338.89  40.335  0.044 
372.29  40.128  0.046 
395.89  40.035  0.048 
399.29  40.063  0.046 
452.89  39.828  0.051 
485.89  39.676  0.055 
491.29  39.768  0.055 
