2.6321892962385904  41.737297797532875  0
3.545959991816779  41.95662229949767  0
4.5568817071283645  42.05687938837106  0
5.163601450500626  42.11654700267465  0
5.572587183511575  42.12707874266925  0
6.578995985490219  42.177459708738105  0
7.203630970715657  42.216337727984964  0
7.537795971530975  42.206333907056795  0
8.532704756786487  42.236445485170236  0
9.531547557214445  42.25700572438137  0
11.192088298951663  42.26708960952918  0
12.576613416698873  42.25739356611783  0
13.591640663905348  42.25739356611783  0
14.607525546401277  42.23645011234931  0
15.57679989206509  42.227055723621866  0
16.611289272576954  42.20515091710243  0
17.233571712064183  42.195979121607174  0
18.225983178011337  42.184916377760096  0
18.595533414810586  42.176385542168674  0
19.185594607281416  42.167091222030976  0
19.627668867970257  42.15493716501151  0
20.19381139863073  42.146437177280546  0
21.336084433770562  42.12707874266925  0
24.198907565776317  42.0666323601067  0
24.595482667771876  42.0576247848537  0
25.182514167864994  42.04614447315009  0
25.599970057065306  42.03761503973415  0
27.60059327870291  41.996245254512374  0
28.61943554564961  41.97640222805683  0
31.62423297534827  41.90678463636332  0
32.59135103887641  41.876726901788125  0
33.632171235047124  41.84686308808116  0
35.22745546424788  41.81717245383135  0
35.71145233795839  41.80564543889845  0
36.2520444983086  41.787195473777565  0
36.648067572662114  41.77627126486744  0
