2.712513796851229  42.43972461273666  0
3.7647536442718073  42.54402753872633  0
4.672237563803924  42.58327022375215  0
6.633906633906737  42.67931153184165  0
7.541644288632347  42.71235800344234  0
8.52334575226152  42.7392082616179  0
9.505935289067928  42.74437177280551  0
10.464335404094538  42.74024096385542  0
11.447305543691186  42.73611015490533  0
12.43057170768025  42.724750430292595  0
13.340804425141872  42.696867469879514  0
14.34821772171179  42.69583476764199  0
15.307421331517826  42.672082616179  0
17.275180046264477  42.6194148020654  0
18.20994049909723  42.59256454388984  0
19.218326447242205  42.567779690189326  0
21.136310774865084  42.530602409638554  0
23.079964646229797  42.46657487091222  0
