# SN2009jf    bands=SDAuUBgVrRiIzJHK 
# mu=32.65+/-0.10  ABg=0.46+/-0.00 ABi=0.20+/-0.20 
-22.79  41.408  0.078 
-22.29  41.537  0.078 
-22.07  41.425  0.079 
-21.07  41.521  0.078 
-20.51  41.719  0.078 
-20.05  41.763  0.078 
-19.60  41.808  0.078 
-19.50  41.908  0.078 
-19.50  41.895  0.078 
-17.90  42.138  0.077 
-17.27  42.149  0.077 
-15.28  42.309  0.076 
-14.49  42.366  0.076 
-12.54  42.478  0.075 
-12.52  42.469  0.075 
-10.51  42.532  0.074 
-10.34  42.550  0.074 
 -9.26  42.572  0.074 
 -8.51  42.582  0.074 
 -7.35  42.602  0.074 
 -6.50  42.616  0.073 
 -6.27  42.617  0.073 
 -5.42  42.626  0.073 
 -4.56  42.632  0.073 
 -4.30  42.637  0.072 
 -2.45  42.636  0.072 
 -1.37  42.635  0.071 
 -0.53  42.634  0.071 
  0.72  42.623  0.070 
  1.62  42.616  0.069 
  4.44  42.581  0.068 
  4.67  42.577  0.068 
  7.64  42.538  0.067 
  9.62  42.494  0.066 
 13.62  42.416  0.065 
 14.64  42.399  0.065 
 15.43  42.389  0.065 
 16.48  42.371  0.065 
 20.66  42.295  0.065 
 23.43  42.253  0.066 
 23.64  42.245  0.065 
 25.44  42.226  0.066 
 25.47  42.218  0.066 
 25.63  42.220  0.066 
 30.51  42.166  0.064 
 30.64  42.162  0.064 
 33.62  42.142  0.063 
 34.36  42.139  0.063 
 35.45  42.131  0.064 
 35.66  42.126  0.064 
 38.63  42.104  0.064 
 43.42  42.066  0.064 
 48.44  42.031  0.064 
 70.40  41.885  0.065 
 75.37  41.854  0.065 
 80.46  41.812  0.065 
245.00  40.772  0.067 
268.67  40.566  0.067 
