#SN2011dh UBVRI IIb
-15.76760172968179  41.4575147806 0.077
-14.809624126843335  41.560274773 0.077
-13.691983590198475  41.674276527 0.077
-12.734005987360025  41.773228918 0.077
-11.77602838452157  41.8572111531 0.077
-10.81805078168312  41.9260421872 0.077
-9.700410245038256  41.9842028835 0.077
-8.742432642199805  42.0330171332 0.077
-7.634771038917847  42.0792345192 0.077
-6.078057434305357  42.1176369152 0.077
-4.644417341168648  42.1596134564 0.077
-2.99456702516909  42.19779553503 0.077
-1.2382747532985974  42.220827849 0.077
0.5180175185719023  42.2281722944 0.077
2.274309790442395  42.22140573874 0.077
4.030602062312887  42.19703175156 0.077
5.707062867280179  42.16803028731 0.077
6.425546069409023  42.13283150829 0.077
7.972280740658604  42.10534176952 0.077
9.40592083379532  42.062901497078 0.077
10.955981816165867  42.0329011513 0.077
12.439516576117086  41.9982574421 0.077
14.089366892116637  41.9727291586 0.077
15.845659163987136  41.9439567485 0.077
17.60195143585763  41.91533790346 0.077
19.35824370772813  41.89143996756 0.077
21.11453597959862  41.86850383306 0.077
22.870828251469113  41.8473215716 0.077
24.627120523339613  41.8266994182 0.077
26.383412795210106  41.8072839617 0.077
28.139705067080598  41.7880519749 0.077
29.895997338951105  41.7688498929 0.077
31.652289610821597  41.7500608197 0.077
33.40858188269209  41.73323495299 0.077
35.16487415456258  41.71655052757 0.077
36.921166426433075  41.7005377466 0.077
38.67745869830358  41.68580117113 0.077
40.433750970174074  41.6700615741 0.077
42.19004324204457  41.65685094907 0.077
43.94633551391506  41.64341401778 0.077
45.702627785785566  41.6291227805 0.077
47.45892005765606  41.61488246221 0.077
49.21521232952655  41.60045544124 0.077
50.971504601397044  41.5845517722 0.077
52.88745980707395  41.56743736504 0.077
54.643752078944445  41.5563936219 0.077
56.35214547067302  41.54548905715 0.077
58.156336622685444  41.5339497034 0.077
59.91262889455594  41.51162459571 0.077
61.66892116642643  41.49736164675 0.077
63.42521343829692  41.48701379524 0.077
65.18150571016741  41.47831232143 0.077
66.8579665151347  41.465107354008 0.077
