# SN2011fe   bands=UBVRI 
# mu=29.04+/-0.19  ABg=0.08+/-0.00 ABi=0.00+/-0.00
-16.95  41.467  0.077
-16.05  41.766  0.077
-15.05  41.994  0.077
-13.95  42.200  0.077
-13.05  42.365  0.077
-12.05  42.492  0.077
-11.05  42.628  0.077
-10.05  42.670  0.077
 -8.95  42.776  0.077
 -8.05  42.823  0.077
 -7.05  42.897  0.077
 -3.05  42.976  0.077
 -2.05  42.961  0.077
 -1.05  42.962  0.077
 -0.05  42.957  0.077
  0.95  42.943  0.077
  1.95  42.916  0.077
  4.95  42.854  0.077
  6.95  42.804  0.077
  9.95  42.727  0.077
 11.95  42.659  0.077
 14.95  42.573  0.077
 16.95  42.519  0.077
 72.35  41.652  0.077
 75.35  41.638  0.077
 77.35  41.609  0.077
 80.35  41.570  0.077
 85.35  41.527  0.077
 87.35  41.503  0.077
 95.35  41.430  0.077
